#Scharm signal samples
183424	MadgraphPythia_AUET2BCTEQ6L1_SM_Scharm_dir_200_1_MET80		18.5417575836	1.0	0.55580	0.149939373136
183425	MadgraphPythia_AUET2BCTEQ6L1_SM_Scharm_dir_200_1_MET180		18.5417575836	1.0	0.14361	0.149939373136
183426	MadgraphPythia_AUET2BCTEQ6L1_SM_Scharm_dir_200_1_MET300		18.5417575836	1.0	0.01127	0.149939373136
183427	MadgraphPythia_AUET2BCTEQ6L1_SM_Scharm_dir_200_75_MET80		18.5417575836	1.0	0.55658	0.149939373136
183428	MadgraphPythia_AUET2BCTEQ6L1_SM_Scharm_dir_200_75_MET180	18.5417575836	1.0	0.08486	0.149939373136
183429	MadgraphPythia_AUET2BCTEQ6L1_SM_Scharm_dir_200_75_MET300	18.5417575836	1.0	0.00832	0.149939373136
183430	MadgraphPythia_AUET2BCTEQ6L1_SM_Scharm_dir_300_1_MET80in	1.99850392342	1.0	0.84826	0.147938400507
183431	MadgraphPythia_AUET2BCTEQ6L1_SM_Scharm_dir_300_100_MET80	1.99850392342	1.0	0.44023	0.147938400507
183432	MadgraphPythia_AUET2BCTEQ6L1_SM_Scharm_dir_300_100_MET180	1.99850392342	1.0	0.33082	0.147938400507
183433	MadgraphPythia_AUET2BCTEQ6L1_SM_Scharm_dir_300_100_MET300	1.99850392342	1.0	0.04964	0.147938400507
183434	MadgraphPythia_AUET2BCTEQ6L1_SM_Scharm_dir_300_200_MET80	1.99850392342	1.0	0.52852	0.147938400507
183435	MadgraphPythia_AUET2BCTEQ6L1_SM_Scharm_dir_300_200_MET180	1.99850392342	1.0	0.11659	0.147938400507
183436	MadgraphPythia_AUET2BCTEQ6L1_SM_Scharm_dir_300_200_MET300	1.99850392342	1.0	0.0215	0.147938400507
183437	MadgraphPythia_AUET2BCTEQ6L1_SM_Scharm_dir_400_1_MET80in	0.357354819775	1.0	0.90531	0.144106686115
183438	MadgraphPythia_AUET2BCTEQ6L1_SM_Scharm_dir_400_100_MET80in	0.357354819775	1.0	0.897	0.144106686115
183439	MadgraphPythia_AUET2BCTEQ6L1_SM_Scharm_dir_400_200_MET80	0.357354819775	1.0	0.37855	0.144106686115
183440	MadgraphPythia_AUET2BCTEQ6L1_SM_Scharm_dir_400_200_MET180	0.357354819775	1.0	0.37804	0.144106686115
183441	MadgraphPythia_AUET2BCTEQ6L1_SM_Scharm_dir_400_200_MET300	0.357354819775	1.0	0.09768	0.144106686115
183442	MadgraphPythia_AUET2BCTEQ6L1_SM_Scharm_dir_400_300_MET80	0.357354819775	1.0	0.51778	0.144106686115
183443	MadgraphPythia_AUET2BCTEQ6L1_SM_Scharm_dir_400_300_MET180	0.357354819775	1.0	0.15124	0.144106686115
183444	MadgraphPythia_AUET2BCTEQ6L1_SM_Scharm_dir_400_300_MET300	0.357354819775	1.0	0.03645	0.144106686115
183445	MadgraphPythia_AUET2BCTEQ6L1_SM_Scharm_dir_500_1_MET80in	0.0855846852064	1.0	0.93605	0.149611085653
183446	MadgraphPythia_AUET2BCTEQ6L1_SM_Scharm_dir_500_100_MET80in	0.0855846852064	1.0	0.93161	0.149611085653
183447	MadgraphPythia_AUET2BCTEQ6L1_SM_Scharm_dir_500_200_MET80in	0.0855846852064	1.0	0.91739	0.149611085653
183448	MadgraphPythia_AUET2BCTEQ6L1_SM_Scharm_dir_500_300_MET80	0.0855846852064	1.0	0.34790	0.149611085653
183449	MadgraphPythia_AUET2BCTEQ6L1_SM_Scharm_dir_500_300_MET180	0.0855846852064	1.0	0.38416	0.149611085653
183450	MadgraphPythia_AUET2BCTEQ6L1_SM_Scharm_dir_500_300_MET300	0.0855846852064	1.0	0.14327	0.149611085653
183451	MadgraphPythia_AUET2BCTEQ6L1_SM_Scharm_dir_500_400_MET80	0.0855846852064	1.0	5.0490E-01	0.149611085653
183452	MadgraphPythia_AUET2BCTEQ6L1_SM_Scharm_dir_500_400_MET180	0.0855846852064	1.0	1.7110E-01	0.149611085653
183453	MadgraphPythia_AUET2BCTEQ6L1_SM_Scharm_dir_500_400_MET300	0.0855846852064	1.0	5.4106E-02	0.149611085653
183454	MadgraphPythia_AUET2BCTEQ6L1_SM_Scharm_dir_500_450_MET80	0.0855846852064	1.0	3.5981E-01	0.149611085653
183455	MadgraphPythia_AUET2BCTEQ6L1_SM_Scharm_dir_500_450_MET180	0.0855846852064	1.0	1.0379E-01	0.149611085653
183456	MadgraphPythia_AUET2BCTEQ6L1_SM_Scharm_dir_500_450_MET300	0.0855846852064	1.0	5.2041E-02	0.149611085653
183457	MadgraphPythia_AUET2BCTEQ6L1_SM_Scharm_dir_600_1_MET80in	0.0248009189963	1.0	0.95332	0.166405722499
183458	MadgraphPythia_AUET2BCTEQ6L1_SM_Scharm_dir_600_100_MET80in	0.0248009189963	1.0	9.5034E-01	0.166405722499
183459	MadgraphPythia_AUET2BCTEQ6L1_SM_Scharm_dir_600_200_MET80in	0.0248009189963	1.0	9.4364E-01	0.166405722499
183460	MadgraphPythia_AUET2BCTEQ6L1_SM_Scharm_dir_600_300_MET80in	0.0248009189963	1.0	9.2628E-01	0.166405722499
183461	MadgraphPythia_AUET2BCTEQ6L1_SM_Scharm_dir_600_400_MET80in	0.0248009189963	1.0	8.8364E-01	0.166405722499
183462	MadgraphPythia_AUET2BCTEQ6L1_SM_Scharm_dir_600_500_MET80in	0.0248009189963	1.0	7.4334E-01	0.166405722499
183463	MadgraphPythia_AUET2BCTEQ6L1_SM_Scharm_dir_700_1_MET80in	0.00811410043389	1.0	9.6372E-01	0.184146434069
183464	MadgraphPythia_AUET2BCTEQ6L1_SM_Scharm_dir_700_100_MET80in	0.00811410043389	1.0	9.6263E-01	0.184146434069
183465	MadgraphPythia_AUET2BCTEQ6L1_SM_Scharm_dir_700_200_MET80in	0.00811410043389	1.0	9.5860E-01	0.184146434069
183466	MadgraphPythia_AUET2BCTEQ6L1_SM_Scharm_dir_700_300_MET80in	0.00811410043389	1.0	9.4967E-01	0.184146434069
183467	MadgraphPythia_AUET2BCTEQ6L1_SM_Scharm_dir_700_400_MET80in	0.00811410043389	1.0	9.3225E-01	0.184146434069
183468	MadgraphPythia_AUET2BCTEQ6L1_SM_Scharm_dir_700_500_MET80in	0.00811410043389	1.0	8.8955E-01	0.184146434069
#
186635	MadgraphPythia_AUET2BCTEQ6L1_SM_Scharm_dir_100_1_MET80		560.154968262		1.0	0.260920	0.161681443453
186636	MadgraphPythia_AUET2BCTEQ6L1_SM_Scharm_dir_100_1_MET180		560.154968262		1.0	0.0067698	0.161681443453
186637	MadgraphPythia_AUET2BCTEQ6L1_SM_Scharm_dir_100_1_MET300		560.154968262		1.0	0.00065413	0.161681443453
186638	MadgraphPythia_AUET2BCTEQ6L1_SM_Scharm_dir_150_50_MET80		80.3378677368		1.0	0.4569		0.156680941582
186639	MadgraphPythia_AUET2BCTEQ6L1_SM_Scharm_dir_150_50_MET180	80.3378677368		1.0	0.029687	0.156680941582
186640	MadgraphPythia_AUET2BCTEQ6L1_SM_Scharm_dir_150_50_MET300	80.3378677368		1.0	0.0028519	0.156680941582
186641	MadgraphPythia_AUET2BCTEQ6L1_SM_Scharm_dir_200_125_MET80	18.5417575836		1.0	4.2848E-01	0.149939373136
186642	MadgraphPythia_AUET2BCTEQ6L1_SM_Scharm_dir_200_125_MET180	18.5417575836		1.0	4.5155E-02	0.149939373136
186643	MadgraphPythia_AUET2BCTEQ6L1_SM_Scharm_dir_200_125_MET300	18.5417575836		1.0	5.5270E-03	0.149939373136
186644	MadgraphPythia_AUET2BCTEQ6L1_SM_Scharm_dir_250_50_MET80		5.5819606781		1.0	0.49542		0.148445561528
186645	MadgraphPythia_AUET2BCTEQ6L1_SM_Scharm_dir_250_50_MET180	5.5819606781		1.0	0.26559		0.148445561528
186646	MadgraphPythia_AUET2BCTEQ6L1_SM_Scharm_dir_250_50_MET300	5.5819606781		1.0	0.027597	0.148445561528
186647	MadgraphPythia_AUET2BCTEQ6L1_SM_Scharm_dir_250_150_MET80	5.5819606781		1.0	0.53277		0.148445561528
186648	MadgraphPythia_AUET2BCTEQ6L1_SM_Scharm_dir_250_150_MET180	5.5819606781		1.0	0.09163		0.148445561528
186649	MadgraphPythia_AUET2BCTEQ6L1_SM_Scharm_dir_250_150_MET300	5.5819606781		1.0	0.013004	0.148445561528
186650	MadgraphPythia_AUET2BCTEQ6L1_SM_Scharm_dir_350_50_MET80in	0.808417081833		1.0	0.87885		0.144756019115
186651	MadgraphPythia_AUET2BCTEQ6L1_SM_Scharm_dir_350_150_MET80	0.808417081833		1.0	0.4059		0.144756019115
186652	MadgraphPythia_AUET2BCTEQ6L1_SM_Scharm_dir_350_150_MET180	0.808417081833		1.0	0.36366		0.144756019115
186653	MadgraphPythia_AUET2BCTEQ6L1_SM_Scharm_dir_350_150_MET300	0.808417081833		1.0	0.074468	0.144756019115
186654	MadgraphPythia_AUET2BCTEQ6L1_SM_Scharm_dir_350_250_MET80	0.808417081833		1.0	0.52291		0.144756019115
186655	MadgraphPythia_AUET2BCTEQ6L1_SM_Scharm_dir_350_250_MET180	0.808417081833		1.0	0.13583		0.144756019115
186656	MadgraphPythia_AUET2BCTEQ6L1_SM_Scharm_dir_350_250_MET300	0.808417081833		1.0	0.030051	0.144756019115
186657	MadgraphPythia_AUET2BCTEQ6L1_SM_Scharm_dir_450_50_MET80in	0.169667676091		1.0	9.2210E-01	0.142367601395
186658	MadgraphPythia_AUET2BCTEQ6L1_SM_Scharm_dir_450_150_MET80in	0.169667676091		1.0	0.90776		0.142367601395
186659	MadgraphPythia_AUET2BCTEQ6L1_SM_Scharm_dir_450_250_MET80	0.169667676091		1.0	0.36188		0.142367601395
186660	MadgraphPythia_AUET2BCTEQ6L1_SM_Scharm_dir_450_250_MET180	0.169667676091		1.0	0.38301		0.142367601395
186661	MadgraphPythia_AUET2BCTEQ6L1_SM_Scharm_dir_450_250_MET300	0.169667676091		1.0	0.12308		0.142367601395
186662	MadgraphPythia_AUET2BCTEQ6L1_SM_Scharm_dir_450_350_MET80	0.169667676091		1.0	0.51258		0.142367601395
186663	MadgraphPythia_AUET2BCTEQ6L1_SM_Scharm_dir_450_350_MET180	0.169667676091		1.0	0.16227		0.142367601395
186664	MadgraphPythia_AUET2BCTEQ6L1_SM_Scharm_dir_450_350_MET300	0.169667676091		1.0	0.045639	0.142367601395
186665	MadgraphPythia_AUET2BCTEQ6L1_SM_Scharm_dir_550_50_MET80in	0.0452067144215		1.0	0.94459		0.158176869154
186666	MadgraphPythia_AUET2BCTEQ6L1_SM_Scharm_dir_550_150_MET80in	0.0452067144215		1.0	0.93874		0.158176869154
186667	MadgraphPythia_AUET2BCTEQ6L1_SM_Scharm_dir_550_250_MET80in	0.0452067144215		1.0	0.921		0.158176869154
186668	MadgraphPythia_AUET2BCTEQ6L1_SM_Scharm_dir_650_50_MET80in	0.0139565654099		1.0	0.95859		0.175600111485
186669	MadgraphPythia_AUET2BCTEQ6L1_SM_Scharm_dir_650_150_MET80in	0.0139565654099		1.0	0.9556		0.175600111485
186670	MadgraphPythia_AUET2BCTEQ6L1_SM_Scharm_dir_650_250_MET80in	0.0139565654099		1.0	0.9469		0.175600111485
186671	MadgraphPythia_AUET2BCTEQ6L1_SM_Scharm_dir_750_50_MET80in	0.00480639468879	1.0	0.96816		0.194087907672
