, VRmCT / CRZ, VRmCC / CRZ, mCT>150 / CRZ, mCT>200 / CRZ, mCT>250 / CRZ, CRT / CRZ, CRW / CRZ, VRmCT / CRT, VRmCC / CRT, mCT>150 / CRT, mCT>200 / CRT, mCT>250 / CRT, CRZ / CRT, CRW / CRT, VRmCT / CRW, VRmCC / CRW, mCT>150 / CRW, mCT>200 / CRW, mCT>250 / CRW, CRZ / CRW, CRT / CRW
ttbar_tune, 2.6, 5.2, 15.8, 13.4, 9.3, 0.8, 6.1, 1.8, 4.3, 14.9, 12.6, 8.5, 0.8, 5.3, 3.4, 0.9, 9.1, 6.9, 3.0, 5.8, 5.0
ttbar_scalemaxUPs, 8.3, 2.5, 14.7, 16.4, 22.4, 3.9, 4.6, 4.8, 0.0, 11.4, 12.9, 19.1, 0.4, 1.4, 3.9, 0.0, 11.7, 13.4, 18.5, 1.6, 2.8
ttbar_scalemaxDOWNs, 0.6, 3.9, 0.0, 0.0, 0.0, 0.4, 1.5, 1.8, 4.9, 0.0, 0.0, 0.0, 3.8, 2.7, 0.0, 3.7, 0.0, 0.0, 0.0, 4.4, 1.4
ttst_Gens, 0.3, 2.1, 13.8, 18.4, 18.8, 1.9, 1.3, 1.6, 4.0, 11.9, 16.5, 17.0, 1.9, 3.2, 1.5, 0.8, 15.1, 19.6, 20.1, 1.3, 3.2
ttst_Gens_stat, 1.6, 2.7, 14.1, 18.8, 19.8, 2.5, 2.1, 1.9, 4.3, 12.2, 17.0, 18.0, 2.5, 3.3, 1.9, 1.8, 15.3, 20.1, 21.0, 2.1, 3.3
ttst_PSs, 3.1, 2.6, 18.9, 23.0, 23.0, 3.4, 3.9, 6.3, 5.8, 21.6, 25.5, 25.5, 3.3, 7.1, 0.9, 1.4, 15.6, 19.9, 19.8, 4.1, 7.6
ttst_ISRs, 1.1, 0.7, 10.3, 9.8, 8.2, 0.5, 0.6, 1.6, 0.2, 10.8, 10.3, 8.7, 0.5, 0.1, 1.7, 0.1, 10.9, 10.4, 8.7, 0.6, 0.1
ttst_interferences, 6.9, 0.0, 11.3, 18.1, 19.2, 7.0, 1.3, 0.1, 7.5, 4.6, 12.0, 13.1, 7.5, 6.1, 5.7, 1.3, 10.1, 17.0, 18.1, 1.3, 5.7
ttst_interferences_stat, 7.1, 1.9, 11.6, 18.5, 20.0, 7.2, 2.3, 1.2, 7.8, 5.3, 12.6, 14.4, 7.7, 6.2, 5.8, 2.3, 10.5, 17.5, 19.0, 2.3, 5.9
ttst_DRDS, 1.1, 2.2, 12.8, 15.3, 17.9, 2.0, 2.1, 0.9, 0.1, 14.6, 17.0, 19.5, 2.0, 4.1, 3.3, 4.3, 10.9, 13.5, 16.1, 2.1, 4.2
ttst_DRDS_stat, 1.2, 2.2, 12.8, 15.3, 17.9, 2.1, 2.1, 0.9, 0.3, 14.6, 17.0, 19.5, 2.0, 4.1, 3.3, 4.4, 11.0, 13.5, 16.1, 2.2, 4.2
ttst_schan, 0.0, 0.0, 0.2, 0.1, 0.2, 0.0, 0.0, 0.0, 0.0, 0.2, 0.1, 0.2, 0.0, 0.0, 0.0, 0.0, 0.2, 0.1, 0.1, 0.0, 0.0
ttst_schan_stat, 0.0, 0.0, 0.2, 0.2, 0.2, 0.0, 0.0, 0.0, 0.0, 0.2, 0.2, 0.2, 0.0, 0.0, 0.0, 0.0, 0.2, 0.1, 0.2, 0.0, 0.0
ttst_pdf, 0.7, 0.7, 0.7, 1.9, 7.7, 0.2, 2.5, 0.4, 0.4, 0.4, 1.7, 7.4, 0.2, 2.2, 1.8, 1.8, 1.8, 0.6, 5.1, 2.4, 2.2
ttst_overallUPs, 9.0, 4.3, 29.5, 35.1, 38.9, 5.5, 6.6, 8.2, 7.1, 29.3, 34.6, 37.9, 3.9, 8.2, 4.9, 2.4, 27.0, 32.7, 35.2, 5.2, 9.0
ttst_overallUPs_stat, 9.1, 4.6, 29.6, 35.4, 39.4, 5.8, 6.8, 8.3, 7.3, 29.4, 34.9, 38.4, 4.2, 8.3, 5.0, 2.9, 27.2, 32.9, 35.8, 5.4, 9.0
ttst_overallDOWNs, 3.4, 5.2, 25.6, 31.1, 31.8, 4.0, 5.1, 6.9, 8.6, 26.9, 32.2, 32.7, 5.4, 8.5, 3.0, 4.4, 24.4, 29.8, 30.0, 6.6, 8.6
ttst_overallDOWNs_stat, 3.8, 5.5, 25.7, 31.4, 32.3, 4.3, 5.3, 7.0, 8.8, 27.1, 32.4, 33.3, 5.6, 8.6, 3.2, 4.7, 24.5, 30.1, 30.6, 6.8, 8.7
Wjets_scalemaxUPs, 11.9, 20.0, 18.4, 19.3, 18.2, 9.0, 7.9, 3.9, 10.0, 8.6, 13.3, 14.5, 47.2, 0.0, 18.6, 13.5, 16.6, 26.2, 31.4, 99.4, 49.5
Wjets_scalemaxDOWNs, 61.8, 69.2, 63.5, 57.9, 52.3, 38.1, 67.5, 35.4, 39.4, 36.2, 34.2, 29.2, 8.3, 39.2, 0.8, 7.9, 4.3, 4.2, 0.0, 7.3, 0.0
Wjets_NPs, 9.5, 5.8, 8.8, 10.7, 8.4, 12.7, 5.7, 22.1, 18.5, 21.4, 23.3, 21.1, 12.7, 18.3, 3.8, 0.1, 3.1, 5.0, 2.8, 5.7, 18.3
Wjets_NPs_stat, 15.3, 13.4, 14.9, 16.1, 14.7, 17.5, 13.3, 22.9, 19.4, 22.3, 24.0, 21.9, 17.5, 19.3, 4.2, 3.4, 3.6, 5.6, 4.5, 13.3, 19.3
Wjets_pdf, 3.7, 3.7, 3.7, 4.1, 5.5, 8.7, 2.7, 4.6, 4.6, 4.6, 4.2, 3.0, 8.0, 5.5, 1.0, 1.0, 1.0, 1.4, 2.7, 2.6, 5.9
Wjets_overallUPs, 15.6, 21.1, 20.7, 22.4, 20.8, 17.8, 10.1, 22.9, 21.5, 23.6, 27.1, 25.8, 49.6, 19.1, 19.0, 13.6, 16.9, 26.7, 31.7, 99.6, 53.1
Wjets_overallUPs_stat, 19.7, 24.3, 24.0, 25.5, 24.1, 21.5, 15.7, 23.7, 22.3, 24.3, 27.8, 26.5, 51.0, 20.1, 19.1, 14.0, 17.0, 26.8, 31.9, 100.3, 53.4
Wjets_overallDOWNs, 62.7, 69.6, 64.2, 59.0, 53.2, 41.1, 67.8, 42.0, 43.8, 42.3, 41.6, 36.1, 17.1, 43.7, 4.0, 8.0, 5.4, 6.7, 3.9, 9.6, 19.2
Wjets_overallDOWNs_stat, 63.8, 70.6, 65.3, 60.2, 54.6, 42.9, 68.8, 42.4, 44.2, 42.7, 42.1, 36.6, 21.0, 44.1, 4.4, 8.6, 5.7, 7.1, 5.3, 15.4, 20.2
Zjets_scaleUPs, 4.1, 0.8, 1.2, 1.7, 2.1, 3.4, 7.1, 7.4, 4.0, 4.4, 5.0, 5.4, 3.2, 10.5, 3.4, 7.1, 6.8, 6.1, 5.7, 7.9, 11.6
Zjets_scalemaxUPs, 5.1, 1.0, 1.4, 2.1, 2.7, 4.7, 8.8, 9.2, 5.0, 5.4, 6.1, 6.7, 4.0, 13.0, 4.7, 9.8, 9.3, 8.4, 7.8, 10.8, 15.9
Zjets_scaleDOWNs, 4.1, 0.7, 1.1, 1.6, 2.1, 3.1, 7.3, 7.3, 4.0, 4.3, 4.9, 5.3, 3.3, 10.4, 2.8, 5.8, 5.5, 5.0, 4.6, 6.6, 9.5
Zjets_scalemaxDOWNs, 5.7, 1.0, 1.4, 2.2, 2.8, 3.8, 10.1, 10.1, 5.6, 6.0, 6.8, 7.4, 4.6, 14.4, 3.5, 7.3, 6.9, 6.3, 5.8, 8.3, 11.9
Zjets_NPs, 0.8, 1.3, 5.0, 8.7, 3.6, 11.1, 28.8, 10.3, 12.4, 6.0, 2.4, 7.5, 11.1, 17.8, 28.0, 30.0, 23.8, 20.2, 25.2, 28.8, 17.8
Zjets_NPs_stat, 1.9, 3.0, 5.2, 8.9, 4.4, 15.8, 39.6, 15.2, 16.7, 12.8, 11.5, 13.5, 15.8, 32.5, 39.0, 40.5, 36.2, 33.9, 37.1, 39.6, 32.5
Zjets_pdf, 1.5, 1.5, 1.5, 1.6, 2.2, 7.8, 0.5, 5.8, 5.8, 5.8, 5.7, 5.2, 7.2, 7.7, 2.1, 2.1, 2.1, 2.2, 2.8, 0.5, 8.4
Zjets_overallUPs, 5.4, 2.2, 5.5, 9.1, 5.0, 14.3, 30.1, 14.9, 14.6, 10.0, 8.7, 11.3, 13.8, 23.4, 28.4, 31.7, 25.7, 22.0, 26.6, 30.8, 25.3
Zjets_overallUPs_stat, 5.6, 3.5, 5.6, 9.3, 5.6, 18.3, 40.6, 18.7, 18.4, 15.1, 14.3, 16.0, 17.8, 35.9, 39.4, 41.7, 37.4, 35.0, 38.0, 41.1, 37.2
Zjets_overallDOWNs, 5.9, 2.2, 5.5, 9.1, 5.1, 14.1, 30.5, 15.5, 14.8, 10.3, 9.2, 11.7, 14.0, 24.2, 28.3, 31.0, 24.9, 21.3, 26.0, 30.0, 23.0
Zjets_overallDOWNs_stat, 6.2, 3.5, 5.6, 9.3, 5.7, 18.0, 40.9, 19.2, 18.6, 15.3, 14.5, 16.2, 18.0, 36.4, 39.2, 41.2, 36.9, 34.6, 37.7, 40.5, 35.7
